camera_matrix:
- [9.39496619e+03, 0.00000000e+00, 3.04525126e+02]
- [0.00000000e+00, 9.39496619e+03, 6.73442514e+02]
- [0.00000000e+00, 0.00000000e+00, 1.00000000e+00]
dist_coeff:
- [ 6.45718295e+02, -3.96787764e+04, -4.12360789e-01, -1.84271377e+00, 1.17542900e+04, 2.21528637e+02, 3.81648602e+04, -1.12192904e+04, 0.0 ,0.0 ,0.0 ,0.0 ,0.0 ,0.0]

